07:02	08:01	13:02	14:01	14:02	15:01	15:10	18:01	27:05	35:01	35:03	37:01	38:01	39:06	40:01	40:02	41:01	44:02	44:03	44:04	44:05	49:01	50:01	51:01	52:01	55:01	56:01	57:01	58:01
07:02	0	104	6	1	0	2	0	3	1	1	0	1	0	3	6	0	0	0	2	0	60	2	0	8	0	3	0	0	0
07:05	205	3	2	0	0	9	0	0	3	1	0	0	0	0	6	2	0	4	0	0	0	0	0	1	0	1	0	1	0
08:01	82	0	0	0	1	10	0	74	1	1	0	0	0	0	1	1	0	7	5	0	1	0	0	1	6	2	0	20	4
13:02	49	6	0	7	0	2	0	1	0	1	0	1	0	0	1	0	0	1	0	0	0	1	1	0	0	1	0	2	1
14:01	0	2	0	0	32	0	0	0	0	0	0	0	0	1	0	1	0	0	0	0	0	0	0	0	0	0	0	0	0
14:02	0	5	0	0	0	4	0	2	3	1	0	0	0	1	2	1	0	3	2	0	0	0	0	1	0	1	0	0	0
15:01	6	16	0	0	3	0	0	9	3	99	1	1	0	0	21	0	5	52	3	0	0	0	2	9	0	0	1	1	0
15:02	0	0	0	0	0	1	0	0	0	0	0	0	0	0	0	0	0	0	0	0	0	0	0	0	0	0	0	0	0
15:03	3	2	0	0	0	3	0	0	1	2	0	0	0	0	0	1	0	1	1	0	71	0	0	0	99	0	0	1	0
15:08	0	0	0	0	0	2	0	0	0	0	0	0	0	0	0	0	0	0	0	0	0	0	0	0	0	0	0	0	0
15:10	0	0	0	0	0	17	0	0	0	0	0	0	0	0	0	0	0	0	2	0	0	0	0	0	0	0	0	0	0
15:16	32	20	2	1	2	8	0	1	4	3	1	3	1	1	9	3	0	10	1	0	0	0	0	7	0	0	0	3	0
15:17	3	9	0	0	0	106	8	1	6	5	0	2	0	1	5	0	18	4	2	0	0	0	0	3	0	1	0	1	0
15:18	28	17	5	0	3	107	0	10	23	7	0	4	4	0	33	6	0	92	14	0	1	1	4	96	0	2	2	12	1
18:01	54	17	0	0	0	4	0	0	6	2	1	1	77	0	4	0	0	3	3	0	0	0	0	1	653	0	2	0	0
18:03	0	0	0	0	0	1	0	1	0	0	0	0	0	0	1	0	0	0	0	0	0	0	0	0	13	0	0	0	0
18:18	0	0	0	0	0	0	0	43	0	0	0	0	0	0	0	0	0	0	0	0	0	0	0	0	0	0	0	0	0
27:02	0	0	0	0	0	0	0	0	698	0	0	0	0	1	0	1	0	3	0	0	0	0	0	0	0	0	0	0	0
27:05	8	5	0	1	2	2	0	1	0	1	0	0	2	1	3	1	0	3	1	1	0	0	51	6	0	3	0	0	1
35:01	205	201	7	9	14	171	0	32	92	0	25	20	6	9	161	28	3	142	31	0	2	9	8	25	1	13	4	33	4
35:02	10	17	1	1	0	12	0	2	3	486	0	2	0	1	6	0	3	10	4	0	0	1	2	3	0	0	1	7	2
35:03	24	84	8	7	9	132	0	22	34	587	0	12	14	9	59	7	1	83	30	0	1	6	1	40	2	6	1	23	1
35:08	1	6	2	1	1	5	0	0	1	733	0	0	0	0	2	0	1	8	0	0	0	0	0	1	0	0	0	1	3
37:01	2	0	4	0	1	0	0	2	1	1	0	0	0	0	0	10	0	0	0	0	0	0	0	0	0	0	0	0	0
38:01	0	0	0	0	0	1	0	1	1	2	1	1	0	10	1	0	0	5	0	0	0	1	1	0	0	0	0	0	0
39:01	59	52	8	3	6	52	0	30	26	19	1	4	858	1118	54	5	0	51	18	0	1	3	0	14	0	8	3	14	1
39:06	2	0	0	0	0	0	0	0	1	0	0	0	0	0	1	0	0	0	0	0	0	0	0	1	0	0	0	0	0
39:24	10	7	0	2	2	4	0	0	3	4	0	0	0	0	3	2	0	4	2	0	0	1	0	2	0	1	0	0	0
40:01	1	4	0	0	0	53	0	4	0	3	0	0	0	0	0	0	0	20	3	0	0	0	0	0	0	0	0	1	0
40:02	0	1	0	0	0	0	0	0	10	0	0	25	0	2	0	0	0	0	0	0	0	0	0	1	0	0	0	0	0
40:06	0	0	0	0	0	0	0	0	0	0	0	0	0	0	0	58	0	0	0	0	0	0	0	0	0	0	0	0	0
41:01	0	0	0	0	0	0	0	0	0	0	0	0	0	0	1	0	0	0	0	0	0	0	0	0	0	0	0	0	0
41:02	0	0	0	0	0	0	0	0	0	0	0	0	0	0	0	0	791	1	0	0	0	0	0	0	0	0	0	0	0
42:02	0	0	0	0	0	0	0	0	0	0	0	0	0	0	0	0	4	0	0	0	0	0	0	0	0	0	0	0	0
44:02	36	71	3	1	2	48	0	7	15	21	1	3	1	2	75	5	0	0	10	0	20	4	0	13	0	0	0	18	0
44:03	11	12	0	0	0	11	0	3	7	9	2	2	0	0	14	5	0	14	0	131	1	102	2	7	1	4	0	4	1
44:05	0	1	0	0	0	0	0	0	0	0	0	0	0	0	1	0	0	12	0	0	0	1	0	0	0	0	0	0	0
45:01	7	9	1	0	4	21	0	5	9	6	0	1	1	1	9	1	1	8	258	12	0	2	1371	1	0	2	0	1	0
46:01	0	0	0	0	0	1	0	0	0	0	0	0	0	0	0	0	0	0	0	0	0	0	0	0	0	0	0	0	0
47:01	104	230	15	14	21	128	0	29	68	53	5	13	4	5	100	21	2	116	29	0	1	14	8	38	83	13	3	82	1
48:01	89	70	11	6	455	1	0	21	14	0	0	12	1	5	0	5	0	1	0	0	0	0	0	0	1	6	4	0	0
49:01	2	0	0	0	0	0	0	1	0	1	0	1	0	0	0	0	0	0	8	0	0	0	0	0	0	0	1	0	0
50:01	12	16	0	1	0	25	0	6	7	7	0	2	1	1	10	1	1	10	7	0	0	12	0	7	0	2	0	2	1
51:01	90	79	4	4	5	284	0	19	32	26	37	3	2	4	49	9	174	76	507	0	0	6	0	0	42	9	4	14	1
51:07	0	0	0	0	0	0	0	0	0	0	0	0	0	0	0	0	0	0	0	0	0	0	0	9	0	0	0	0	0
51:08	0	0	0	0	0	2	0	0	0	0	0	0	0	0	0	0	0	0	32	0	0	0	0	0	0	0	0	0	0
52:01	0	0	0	0	0	0	0	0	0	0	0	0	0	0	0	0	0	0	0	0	0	0	0	8	0	0	0	0	0
53:01	0	0	0	0	0	0	0	0	0	489	0	0	0	0	0	0	0	0	3	0	0	0	0	0	0	0	0	0	0
54:01	0	0	0	0	0	0	0	0	0	0	0	0	0	0	0	0	0	0	0	0	0	0	0	0	0	0	2	0	0
55:01	0	1	1	0	1	0	0	1	0	1	0	0	0	0	0	0	0	0	0	0	0	0	0	0	0	0	85	1	0
55:02	0	0	0	0	0	0	0	0	0	0	0	0	0	0	0	0	0	0	0	0	0	0	0	0	0	0	1	0	0
56:01	0	0	0	0	0	0	0	0	0	1	0	0	0	2	4	0	0	0	0	0	0	0	0	0	0	415	0	0	0
57:01	4	1	0	0	0	8	0	0	1	6	0	0	0	2	19	0	0	4	0	0	0	0	0	5	0	1	0	0	0
57:03	0	0	0	0	0	0	0	0	0	0	0	0	0	0	0	0	0	0	0	0	0	0	0	0	0	0	0	14	0
58:01	0	2	0	0	1	2	0	0	1	474	0	0	0	0	0	0	0	1	0	0	0	0	0	0	0	0	0	0	0
73:01	0	0	0	0	3	0	0	0	0	0	0	48	0	0	0	0	0	0	0	0	0	0	0	6	0	0	0	0	0
81:01	1	0	0	0	0	0	0	0	0	0	0	0	0	0	0	0	0	0	0	0	0	0	0	0	0	0	0	0	0
