02:01	02:02	03:01	03:02	03:03	03:05	04:02	05:01	05:02	05:03	06:01	06:02	06:03	06:04	06:09
02:01	0	114	1368	374	316	0	260	748	6	127	0	1047	571	60	0
02:02	225	0	304	142	23	0	212	490	1	24	0	1392	221	35	0
03:01	488	214	0	2089	1502	3	333	659	91	2002	6	2136	547	226	0
03:02	949	533	255	0	96	28	854	307	7	436	5	1196	453	72	1
03:03	303	76	651	239	0	0	130	150	372	51	4	779	1572	97	4
03:04	3	8	71	319	9	0	2	3	1	2	0	39	4	6	0
03:19	1	0	0	0	0	0	0	0	0	0	0	15	0	0	0
04:02	160	26	163	164	35	0	0	54	2	21	1	517	228	82	0
05:01	268	193	455	544	252	0	265	0	4	44	2	1008	847	83	1
05:02	12	8	237	16	39	0	3	24	0	6	1	40	45	5	0
05:03	36	11	591	988	43	1	149	389	2	0	0	357	63	6	0
05:04	2	495	2	0	0	0	1	0	0	5	0	1	1	0	0
06:01	3	10	13	47	4	0	1	2	0	0	0	15	3	0	0
06:02	260	71	938	691	402	0	149	953	17	381	0	0	1079	163	0
06:03	338	117	1867	491	149	0	542	218	43	199	2	1942	0	88	0
06:04	254	43	415	168	29	0	137	45	6	56	0	888	565	0	2
06:09	54	4	53	24	14	0	2	13	1	2	0	118	21	3	0
