01:02	02:02	03:03	03:04	04:01	05:01	06:02	06:06	07:01	07:02	07:04	08:02	12:02	12:03	14:02	15:02	16:01	17:01
01:02	0	3	3	11	5	2	0	0	6	4	1	0	0	1	0	29	0	0
02:02	13	0	2	6	4	2	1	0	7	7	1	4	0	0	0	1	4	0
02:10	0	77	0	0	0	0	0	0	0	0	0	0	0	0	0	0	0	0
03:02	0	0	459	28	0	0	0	0	0	0	0	0	0	0	0	0	0	0
03:03	0	13	0	3314	5	2	0	0	2	0	0	0	0	0	0	0	0	0
03:04	0	1	110	0	5	1	0	0	9	0	0	1	0	0	0	3	0	0
03:05	0	0	0	1	0	0	0	0	0	0	0	0	0	0	0	0	0	0
03:10	0	0	13	87	0	0	0	0	0	0	0	0	0	0	0	0	0	0
04:01	0	49	5	30	0	75	0	0	21	2	0	7	36	0	14	2	37	207
05:01	0	1	0	0	0	0	4	0	0	0	0	7	0	0	0	0	0	0
06:02	0	0	0	0	1	0	0	3009	0	0	0	2	0	5	1	0	0	0
07:01	1	6	0	0	0	0	0	0	0	19	0	0	0	0	0	0	0	0
07:02	0	0	0	3	13	0	1	0	122	0	0	1	0	0	0	0	0	0
07:04	0	4	1	2	2	0	1	0	1	3	0	1	0	1	0	1	0	0
08:01	0	0	0	0	0	0	0	0	0	0	0	177	0	0	0	0	0	0
08:02	0	0	0	0	0	27	0	0	0	0	0	0	0	0	0	0	0	0
08:03	0	0	0	0	0	1	0	0	0	0	0	287	0	0	0	0	0	0
12:03	0	2	0	0	0	4	18	0	8	5	0	0	0	0	4	45	1	0
14:02	0	0	0	2	2	1	4	0	0	1	0	0	4	0	0	1	0	0
14:03	0	0	0	0	0	0	0	0	0	0	0	0	0	0	35	0	0	0
15:02	1	10	90	426	3	1	0	0	4	2	0	0	0	0	4	0	252	1
15:04	0	0	0	0	0	0	0	0	0	0	0	0	0	0	0	65	0	0
15:05	0	0	3	2	0	1	1	0	1	1	0	0	0	0	0	252	1	0
15:11	0	138	0	0	0	0	0	0	0	0	0	0	0	0	0	0	0	0
16:01	0	0	1	12	2	0	0	0	0	0	1	0	0	0	0	0	0	19
16:02	0	0	0	0	1	0	0	0	1	0	0	0	0	0	1	0	381	0
16:04	0	0	0	0	0	0	0	0	0	0	0	0	0	0	0	0	148	0
17:01	0	0	0	0	0	0	2	0	2	0	0	0	0	0	0	0	0	0
18:01	0	0	0	0	0	3	0	0	0	0	0	0	0	0	0	0	0	0
