01:01	02:01	02:05	02:06	03:01	11:01	23:01	24:02	24:03	25:01	26:01	29:02	30:01	30:02	31:01	32:01	68:01
01:01	0	19	1	0	3	83	0	3	0	3	0	0	0	0	23	4	0
01:02	30	0	0	0	0	0	0	0	0	0	0	0	0	0	0	0	0
02:01	72	0	3	529	48	87	68	34	1	25	4	12	2	3	156	28	49
02:02	0	1	24	0	1	0	0	0	0	7	0	0	0	0	1	1	0
02:05	0	1	0	0	1	0	0	0	0	0	0	0	0	0	0	0	37
02:06	0	13	0	0	0	0	0	0	0	0	0	0	0	0	0	0	0
03:01	298	61	0	1	0	84	0	9	0	0	0	0	0	5	1	2	5
11:01	36	55	2	0	72	0	6	8	0	2	0	6	1	0	9	4	2
23:01	8	1	0	0	0	1	0	6	0	0	0	0	0	0	0	0	0
24:02	147	407	3	0	205	43	9	0	2002	15	4	17	0	4	23	33	23
25:01	0	0	1	0	0	1	0	0	0	0	800	0	0	0	1	0	0
26:01	30	64	2	0	45	13	4	15	3	4267	0	2	1	1	5	8	8
29:01	0	4	0	0	1	1	0	1	0	0	0	419	0	0	0	1	0
29:02	0	2	0	0	0	0	0	0	0	0	0	0	0	0	0	1	0
30:01	1	2	0	0	4	0	0	0	0	1	0	0	0	0	0	0	0
30:02	6	73	0	0	13	1	2	1	0	0	1	0	0	0	4	1	0
30:04	94	108	2	0	234	22	13	42	0	1	2	11	1	1	19	8	7
31:01	5	11	0	0	0	2	0	1	0	1	0	0	0	0	0	0	1
32:01	13	14	0	0	1	0	11	1	0	0	0	0	0	0	0	0	0
33:01	0	0	0	0	0	0	0	0	0	0	0	0	0	0	997	0	0
33:03	0	0	0	0	0	0	0	0	0	0	0	0	0	0	464	0	0
34:02	32	88	0	0	39	12	2	17	0	3	2	2	1	2	9	7	10
66:01	0	0	0	0	0	0	0	0	0	139	911	1	1	0	1	0	0
68:01	10	176	1	0	11	10	5	6	0	0	1	3	1	0	11	4	0
68:02	0	0	0	0	0	0	0	0	0	0	0	0	1	0	0	0	889
69:01	2	103	0	0	1	0	0	2	0	0	0	0	3	0	0	0	432
74:01	0	0	0	0	0	0	0	0	0	0	0	0	0	0	0	2	0
74:03	0	0	0	0	0	0	0	0	0	0	0	0	0	0	0	42	0
