01:01	03:01	04:01	04:02	04:03	04:04	04:05	04:07	07:01	08:01	10:01	11:01	11:03	11:04	12:01	13:01	13:02	13:03	14:01	14:04	15:01	15:02	16:01
01:01	0	77	39	0	0	46	1	13	44	30	7	19	0	0	10	38	33	0	12	0	155	1	6
01:02	424	165	76	2	4	64	0	13	254	61	19	30	0	0	23	69	57	9	23	0	186	0	8
01:03	2926	3	15	1	0	11	0	2	15	16	5	24	1	0	4	13	11	1	1	0	20	0	4
03:01	39	0	41	2	0	46	0	4	57	12	3	16	0	0	13	16	23	0	6	0	70	0	3
03:02	0	0	0	0	0	0	0	0	0	8	0	0	0	0	0	0	0	0	0	0	0	0	0
04:01	178	92	0	48	261	16808	0	184	537	68	12	13	0	0	40	75	89	7	9	0	150	5	8
04:02	1	1	68	0	2	39	0	0	0	158	0	0	0	0	0	0	0	0	0	0	1	0	0
04:03	12	14	894	3	0	165	0	22	8	4	2	2	0	0	1	7	4	0	2	0	14	1	0
04:04	9	105	343	72	8	0	0	3	7	12	0	1	0	0	3	4	5	0	1	0	7	0	0
04:05	9	19	166	11	30	938	0	1	13	5	0	3	0	0	2	7	6	1	1	0	13	0	0
04:06	0	0	0	0	0	0	0	0	0	122	0	0	0	0	0	0	0	0	0	0	1	0	0
04:07	3	5	1167	1	1	69	0	0	24	3	0	0	0	0	0	0	1	0	0	0	5	0	0
04:08	8	3	1059	0	0	32	0	36	7	5	0	0	0	0	2	1	4	0	0	0	5	0	1
04:10	0	0	0	0	0	0	0	0	0	14	0	0	0	0	0	0	0	0	0	0	0	0	0
07:01	7	12	124	2	0	16	0	14	0	4	0	0	0	0	3	3	2	0	0	0	10	0	1
08:01	3	6	11	0	0	4	0	0	5	0	0	2	0	0	2	3	4	0	1	0	5	0	1
08:02	0	0	0	0	0	0	0	0	0	69	0	0	0	0	0	0	0	0	0	0	0	0	0
08:03	22	3	188	0	1	19	0	1	137	3	0	149	0	1	2	4	4	0	7	0	11	0	0
08:04	0	0	0	0	0	0	0	0	0	194	0	0	0	0	0	0	0	12	0	0	0	0	0
08:10	8	10	27	0	0	8	0	2	54	11	3	14	0	0	3	9	6	0	5	0	24	0	0
09:01	63	83	69	0	0	55	5	6	3356	56	6	62	0	2	10	41	31	1	7	0	92	1	386
10:01	11	7	3	1	0	3	0	1	4	2	0	0	0	0	1	4	3	0	0	0	16	0	0
11:01	69	98	51	1	0	104	0	36	59	31	3	0	1218	1005	28	46	29	8	12	0	55	1	8
11:02	6	6	0	0	0	2	0	0	8	2	0	81	311	0	0	2	2	0	0	0	5	0	0
11:03	0	0	0	0	0	0	0	0	0	0	0	24	0	1	0	1	0	0	0	0	0	0	0
11:04	0	0	0	0	0	0	0	0	3	0	0	1217	17	0	7	12	1	3	0	0	0	0	0
12:01	2	35	3	0	0	1	0	0	3	2	0	105	9	4	0	1	3	0	0	0	6	0	0
12:02	0	0	1	0	0	0	0	0	0	5	0	0	0	0	0	0	0	0	0	0	0	0	0
13:01	192	3192	66	2	0	81	0	12	93	46	11	37	0	1	22	0	89	4	26	0	547	1	7
13:02	35	56	34	0	0	33	0	0	22	18	2	1	0	0	3	43	0	0	18	0	72	1	3
13:03	1	0	0	0	0	1	4	0	1	0	0	0	0	0	0	0	0	0	0	0	0	0	0
13:05	0	0	0	0	0	0	0	0	0	0	0	3	0	0	0	0	0	0	0	0	0	0	0
13:17	0	0	0	0	0	1	0	0	0	7	0	0	0	0	0	0	0	0	0	0	0	0	0
14:01	95	109	44	2	0	53	0	4	59	33	14	11	0	0	13	66	39	28	0	2	102	0	3
14:04	0	0	0	0	0	0	0	0	0	0	0	0	0	0	0	0	0	0	23	0	0	0	0
14:06	0	0	0	0	0	0	0	0	0	0	0	0	0	0	0	0	0	0	0	0	3	0	0
15:01	27	33	14	0	0	12	0	0	26	11	6	3	0	0	5	39	11	0	2	0	0	2	4
15:02	0	0	0	0	0	0	0	0	3	0	0	0	0	0	0	0	0	0	2	0	1	0	0
15:03	0	0	1	0	0	0	0	0	0	0	0	0	0	0	0	0	0	0	0	0	1	0	0
16:01	1	3	2	0	0	0	0	0	3	0	0	1	0	0	0	3	3	0	0	0	1	1	0
16:02	2	3	0	0	0	1	0	0	1	2	0	1	0	0	0	2	5	0	2	0	5	1	20
